1661327250329 151.40000000 5.60300000 True 
1661327250329 151.40000000 0.27500000 True 
1661327250329 151.40000000 0.16600000 True 
1661327251932 151.40000000 0.82700000 True 
1661328582770 152.20000000 0.06500000 False 
1661328595876 152.20000000 1.27600000 False 
1661328595876 152.20000000 2.03700000 False 
1661328595876 152.30000000 0.67300000 False 
1661328595876 152.30000000 0.65300000 False 
1661328595876 152.30000000 3.04700000 False 
1661328595876 152.30000000 4.89400000 False 
1661328596416 152.20000000 1.40200000 True 
1661328596470 152.20000000 0.63600000 True 
1661328596643 152.10000000 0.85600000 True 
1661328596729 152.20000000 0.20000000 False 
1661328624213 152.20000000 4.41200000 False 
1661328624213 152.20000000 0.39300000 False 
1661328624213 152.20000000 17.50800000 False 
1661328624213 152.20000000 8.08300000 False 
1661328624213 152.20000000 2.79500000 False 
1661328624223 152.20000000 3.20500000 False 
1661328624223 152.20000000 4.00000000 False 
1661328624223 152.20000000 0.65600000 False 
1661328624223 152.20000000 0.66000000 False 
1661328624223 152.20000000 1.96900000 False 
1661328624224 152.20000000 0.65400000 False 
1661328624224 152.20000000 1.31300000 False 
1661328624224 152.20000000 1.96000000 False 
1661328624224 152.20000000 8.00000000 False 
1661328624224 152.20000000 1.95500000 False 
1661328624224 152.20000000 0.65900000 False 
1661328624224 152.20000000 1.30800000 False 
1661328624224 152.20000000 1.40000000 False 
1661328624224 152.20000000 41.49500000 False 
1661328624224 152.20000000 17.90500000 False 
1661328624224 152.20000000 1.94600000 False 
1661328624224 152.20000000 0.65200000 False 
1661328624224 152.20000000 0.65800000 False 
1661328624224 152.20000000 11.67400000 False 
1661328624224 152.30000000 10.04600000 False 
1661328624224 152.30000000 8.09100000 False 
1661328624224 152.30000000 2.67200000 False 
1661328624224 152.30000000 6.00000000 False 
1661328624224 152.30000000 14.70100000 False 
1661328624224 152.30000000 14.13200000 False 
1661328624224 152.30000000 0.98400000 False 
1661328624224 152.30000000 19.53900000 False 
1661328624224 152.30000000 4.59600000 False 
1661328624224 152.30000000 4.59600000 False 
1661328624224 152.30000000 2.84700000 False 
1661328624231 152.30000000 1.74900000 False 
1661328624231 152.30000000 16.50100000 False 
1661328624231 152.30000000 4.59600000 False 
1661328624231 152.30000000 4.59600000 False 
1661328624231 152.30000000 5.20800000 False 
1661328624247 152.20000000 38.85800000 False 
1661328624253 152.20000000 2.93300000 False 
1661328624261 152.20000000 11.67400000 False 
1661328624261 152.20000000 8.00000000 False 
1661328624544 152.40000000 0.09400000 False 
1661328624544 152.40000000 0.14700000 False 
1661328624544 152.40000000 1.73300000 False 
1661328624544 152.40000000 0.75200000 False 
1661328624544 152.40000000 0.49400000 False 
1661328624544 152.40000000 6.06100000 False 
1661328624933 152.40000000 2.13200000 False 
1661328629625 152.40000000 3.86800000 False 
1661328629625 152.40000000 1.95500000 False 
1661328629625 152.40000000 1.14800000 False 
1661328629625 152.40000000 19.51400000 False 
1661328629625 152.40000000 1.31300000 False 
1661328629625 152.40000000 1.96900000 False 
1661328629625 152.40000000 0.65600000 False 
1661328629625 152.40000000 1.96000000 False 
1661328629625 152.40000000 0.66000000 False 
1661328629625 152.40000000 4.00000000 False 
1661328629625 152.50000000 0.09900000 False 
1661328629625 152.50000000 8.55300000 False 
1661328629625 152.50000000 6.50000000 False 
1661328629625 152.50000000 1.46900000 False 
1661328632039 152.50000000 0.22700000 False 
1661328641844 152.40000000 4.60300000 True 
1661328643627 152.40000000 6.00000000 False 
1661328643627 152.40000000 0.82000000 False 
1661328646688 152.40000000 3.78000000 False 
1661328646688 152.40000000 0.66000000 False 
1661328646688 152.40000000 0.65400000 False 
1661328646688 152.40000000 1.72600000 False 
1661328648028 152.40000000 1.67200000 True 
1661328652342 152.40000000 1.00000000 True 
1661328653479 152.40000000 1.93400000 True 
1661328664255 152.40000000 2.67200000 False 
1661328664255 152.40000000 8.00000000 False 
1661328664255 152.40000000 4.00000000 False 
1661328687747 152.50000000 1.34600000 False 
1661328687747 152.50000000 1.66000000 False 
1661328689431 152.50000000 0.19600000 False 
1661328702223 152.50000000 0.24400000 False 
1661328702494 152.50000000 0.51900000 False 
1661328702494 152.50000000 1.93400000 False 
1661328702494 152.50000000 0.62500000 False 
1661328705129 152.50000000 0.02900000 False 
1661328705129 152.50000000 0.66000000 False 
1661328709836 152.60000000 0.13100000 False 
1661328709836 152.60000000 0.13800000 False 
1661328709836 152.70000000 0.10600000 False 
1661328709836 152.70000000 0.00200000 False 
1661328751318 152.60000000 2.23300000 False 
1661328779938 152.60000000 1.80100000 False 
1661328791072 152.50000000 0.09900000 True 
1661328791209 152.50000000 1.01500000 True 
1661328791302 152.50000000 0.07000000 True 
1661328791310 152.50000000 0.07000000 True 
1661328791326 152.50000000 0.06900000 True 
1661328794081 152.60000000 0.08000000 False 
1661328805852 152.60000000 0.43000000 False 
1661328825062 152.60000000 1.95500000 False 
1661328825062 152.60000000 1.96900000 False 
1661328825062 152.60000000 0.65600000 False 
1661328825062 152.60000000 0.65400000 False 
1661328825062 152.60000000 0.66000000 False 
1661328825062 152.60000000 1.31300000 False 
1661328825062 152.60000000 1.96000000 False 
1661328825062 152.60000000 0.98200000 False 
1661328825062 152.60000000 4.00000000 False 
1661328825062 152.60000000 8.00000000 False 
1661328825062 152.60000000 0.55600000 False 
1661328825062 152.60000000 0.65900000 False 
1661328830314 152.50000000 1.59600000 True 
1661328830315 152.50000000 1.40400000 True 
1661328830318 152.50000000 0.09000000 True 
1661328830320 152.50000000 1.40500000 True 
1661328830324 152.50000000 0.18200000 True 
1661328830324 152.50000000 4.02300000 True 
1661328830987 152.50000000 0.58100000 True 
1661328830987 152.50000000 0.02700000 True 
1661328830990 152.50000000 1.60400000 True 
1661328830998 152.50000000 1.27200000 True 
1661328830998 152.50000000 0.81600000 True 
1661328830998 152.50000000 0.54200000 True 
1661328830999 152.50000000 2.45800000 True 
1661328836615 152.60000000 2.00000000 False 
1661328836754 152.50000000 0.20200000 True 
1661328846033 152.60000000 3.00600000 False 
1661328847794 152.60000000 0.65400000 False 
1661328847794 152.60000000 0.66000000 False 
1661328854423 152.70000000 0.07100000 False 
1661328854423 152.70000000 0.07900000 False 
1661328854423 152.70000000 0.07300000 False 
1661328854423 152.70000000 11.67400000 False 
1661328854423 152.70000000 8.76100000 False 
1661328854423 152.70000000 2.25000000 False 
1661328854433 152.70000000 19.88800000 False 
1661328854433 152.70000000 19.42300000 False 
1661328854433 152.70000000 5.00000000 False 
1661328854433 152.70000000 6.50000000 False 
1661328854433 152.70000000 6.00000000 False 
1661328854433 152.70000000 8.00000000 False 
1661328854433 152.70000000 4.00000000 False 
1661328854433 152.80000000 0.13300000 False 
1661328854433 152.80000000 7.00600000 False 
1661328854433 152.80000000 0.13900000 False 
1661328854433 152.80000000 4.94500000 False 
1661328854433 152.80000000 1.52300000 False 
1661328854433 152.80000000 8.08600000 False 
1661328854433 152.80000000 17.95500000 False 
1661328854433 152.80000000 0.70400000 False 
1661328854433 152.80000000 19.30500000 False 
1661328854433 152.80000000 0.35200000 False 
1661328854433 152.80000000 16.26900000 False 
1661328854433 152.80000000 20.67400000 False 
1661328854433 152.80000000 19.55400000 False 
1661328854433 152.80000000 4.79600000 False 
1661328854445 152.80000000 30.08400000 False 
1661328854445 152.80000000 6.50000000 False 
1661328854445 152.80000000 1.94500000 False 
1661328854445 152.80000000 4.58100000 False 
1661328854445 152.80000000 4.58100000 False 
1661328854445 152.80000000 4.58100000 False 
1661328854445 152.80000000 3.12800000 False 
1661328854461 152.70000000 4.00000000 False 
1661328854461 152.70000000 2.71000000 False 
1661328854462 152.70000000 1.29000000 False 
1661328854464 152.70000000 0.60100000 False 
1661328854595 152.80000000 4.60200000 False 
1661328854595 152.80000000 4.42100000 False 
1661328854660 152.80000000 0.65900000 False 
1661328854660 152.80000000 1.95500000 False 
1661328854660 152.80000000 0.65600000 False 
1661328854660 152.80000000 1.96000000 False 
1661328854660 152.80000000 1.31300000 False 
1661328854660 152.80000000 3.00000000 False 
1661328854660 152.90000000 0.14700000 False 
1661328854660 152.90000000 0.09200000 False 
1661328854660 152.90000000 0.33700000 False 
1661328854660 152.90000000 0.11600000 False 
1661328854725 152.90000000 6.43500000 False 
1661328854725 152.90000000 4.28800000 False 
1661328854746 152.90000000 10.32900000 False 
1661328855133 152.80000000 1.14200000 True 
1661328855147 152.90000000 1.31400000 False 
1661328856405 152.80000000 0.07900000 False 
1661328856405 152.80000000 0.65600000 False 
1661328856405 152.80000000 1.31300000 False 
1661328856473 152.80000000 0.95800000 False 
1661328859734 152.80000000 1.00200000 False 
1661328859734 152.80000000 1.31300000 False 
1661328859734 152.80000000 0.65600000 False 
1661328859734 152.80000000 0.66000000 False 
1661328859734 152.90000000 6.00000000 False 
1661328859734 152.90000000 0.50000000 False 
1661328859734 152.90000000 0.65400000 False 
1661328859734 152.90000000 4.57800000 False 
1661328859734 152.90000000 4.57800000 False 
1661328859734 152.90000000 4.57800000 False 
1661328859734 152.90000000 4.57800000 False 
1661328859734 152.90000000 4.57800000 False 
1661328859734 152.90000000 19.86200000 False 
1661328859734 152.90000000 0.23800000 False 
1661328860587 152.90000000 19.85500000 False 
1661328860587 152.90000000 10.36200000 False 
1661328872236 152.90000000 0.22600000 False 
1661328873740 152.90000000 4.94100000 False 
1661328873740 152.90000000 0.83300000 False 
1661328873740 152.90000000 1.03600000 False 
1661328875193 152.70000000 0.07200000 True 
1661328876375 152.80000000 0.07000000 True 
1661328876380 152.80000000 0.16500000 True 
1661328876399 152.80000000 0.13100000 True 
1661328879940 152.80000000 0.09700000 True 
1661328880213 152.80000000 0.32100000 True 
1661328887396 152.80000000 0.07200000 True 
1661328891911 152.80000000 4.00000000 False 
1661328891911 152.80000000 0.65400000 False 
1661328891911 152.80000000 0.66000000 False 
1661328904798 152.80000000 0.66000000 False 
1661328904798 152.80000000 0.65400000 False 
1661328919846 152.80000000 0.33100000 True 
1661328924887 152.80000000 0.65600000 False 
1661328924887 152.80000000 1.31300000 False 
1661328924887 152.80000000 0.66000000 False 
1661328924887 152.80000000 0.65400000 False 
1661328936868 152.80000000 0.65600000 False 
1661328936868 152.80000000 0.66000000 False 
1661328936868 152.80000000 0.65400000 False 
1661328949389 152.70000000 4.99000000 True 
1661328956433 152.80000000 0.65400000 False 
1661328956433 152.80000000 0.66000000 False 
1661328956433 152.80000000 1.31300000 False 
1661328956433 152.80000000 1.96000000 False 
1661328961174 152.80000000 0.66000000 False 
1661328961174 152.80000000 0.41100000 False 
1661328969086 152.80000000 0.66000000 False 
1661328969086 152.80000000 0.65400000 False 
1661328969086 152.90000000 1.24200000 False 
1661328969957 152.70000000 0.93800000 True 
1661328969957 152.70000000 0.92800000 True 
1661328971615 152.70000000 0.25000000 True 
1661328990865 152.80000000 0.66000000 False 
1661328990865 152.80000000 4.00000000 False 
1661328990865 152.80000000 0.65900000 False 
1661328990865 152.80000000 4.00000000 False 
1661328990865 152.80000000 6.00000000 False 
1661328990865 152.80000000 0.65400000 False 
1661328990865 152.80000000 1.31300000 False 
1661328990865 152.80000000 1.96000000 False 
1661328990865 152.80000000 1.40000000 False 
1661328990865 152.80000000 1.30800000 False 
1661328990865 152.90000000 1.08700000 False 
1661328990865 152.90000000 10.32300000 False 
1661328990865 152.90000000 6.00000000 False 
1661328990865 152.90000000 6.54500000 False 
1661328990865 152.90000000 4.57800000 False 
1661328990865 152.90000000 4.57800000 False 
1661328990865 152.90000000 4.57800000 False 
1661328990865 152.90000000 4.57800000 False 
1661328990865 152.90000000 4.57800000 False 
1661328990865 152.90000000 4.57800000 False 
1661328990865 152.90000000 1.94500000 False 
1661328990865 152.90000000 1.40000000 False 
1661328990865 153.00000000 0.65300000 False 
1661328990865 153.00000000 0.67300000 False 
1661328990865 153.00000000 15.00000000 False 
1661328990865 153.00000000 1.97400000 False 
1661328990865 153.00000000 0.07100000 False 
1661328990865 153.00000000 3.85200000 False 
1661328990865 153.00000000 19.51500000 False 
1661328990865 153.00000000 19.26700000 False 
1661328990865 153.00000000 19.35800000 False 
1661328990865 153.00000000 19.45000000 False 
1661328990865 153.00000000 0.65300000 False 
1661328990865 153.00000000 0.07900000 False 
1661328990865 153.00000000 13.87200000 False 
1661328990877 152.90000000 6.54200000 False 
1661328990877 152.90000000 15.40800000 False 
1661328990895 152.90000000 0.65600000 False 
1661328990895 152.90000000 0.74400000 False 
1661328990905 152.90000000 1.20200000 False 
1661328990905 152.90000000 0.65800000 False 
1661328990905 152.90000000 1.96900000 False 
1661328990905 152.90000000 8.00000000 False 
1661328990905 152.90000000 4.00000000 False 
1661328990942 153.00000000 7.58200000 False 
1661328990942 153.00000000 0.35200000 False 
1661328990942 153.00000000 1.79300000 False 
1661328990986 152.90000000 4.26000000 True 
1661328991373 153.00000000 1.49000000 False 
1661328991373 153.00000000 0.65200000 False 
1661328991373 153.00000000 1.47100000 False 
1661328991444 153.00000000 0.47500000 False 
1661328991444 153.00000000 1.95500000 False 
1661328991444 153.00000000 1.32800000 False 
1661328991528 153.00000000 1.40000000 False 
1661328991528 153.00000000 1.31300000 False 
1661328991528 153.00000000 0.29300000 False 
1661328991666 153.00000000 0.20500000 False 
1661328991713 153.00000000 1.46200000 False 
1661328991713 153.00000000 1.54400000 False 
1661328992316 153.00000000 0.22600000 False 
1661328993526 153.00000000 0.06900000 False 
1661328995094 153.00000000 4.16100000 False 
1661328995094 153.00000000 0.32000000 False 
1661328995094 153.00000000 4.00000000 False 
1661328995094 153.00000000 0.66000000 False 
1661328995094 153.00000000 0.65900000 False 
1661328995094 153.00000000 0.65400000 False 
1661328995094 153.00000000 1.30800000 False 
1661328995094 153.10000000 0.13100000 False 
1661328995094 153.10000000 1.32000000 False 
1661328995094 153.10000000 1.65400000 False 
1661328995094 153.10000000 7.65800000 False 
1661328997412 153.10000000 1.56700000 False 
1661328997412 153.10000000 0.07900000 False 
1661328997412 153.10000000 6.53800000 False 
1661328997412 153.10000000 6.00000000 False 
1661328997412 153.10000000 0.65800000 False 
1661328997412 153.10000000 0.65200000 False 
1661328997412 153.10000000 0.65600000 False 
1661328997412 153.10000000 19.49000000 False 
1661328997412 153.10000000 18.15100000 False 
1661329017808 153.10000000 0.66000000 False 
1661329017808 153.10000000 2.34000000 False 
1661329018541 153.00000000 0.13100000 True 
1661329067244 153.10000000 0.29100000 False 
1661329101618 153.00000000 0.13100000 True 
1661329120297 153.00000000 7.74600000 True 
1661329120328 153.00000000 4.57400000 True 
1661329120328 153.00000000 1.12200000 True 
1661329120328 153.00000000 3.45700000 True 
1661329120328 153.00000000 0.40600000 True 
1661329120328 153.00000000 0.39900000 True 
1661329131334 152.80000000 3.89200000 True 
1661329131648 152.80000000 0.13100000 True 
1661329131650 152.80000000 0.09800000 True 
1661329131665 152.80000000 0.09800000 True 
1661329131668 152.80000000 0.09900000 True 
1661329132841 152.80000000 0.13100000 False 
1661329133061 152.80000000 0.52900000 False 
1661329133061 152.80000000 1.95500000 False 
1661329133061 152.80000000 1.31300000 False 
1661329135369 152.80000000 1.31300000 False 
1661329136498 152.80000000 0.66000000 False 
1661329136668 152.80000000 0.65400000 False 
1661329136668 152.80000000 0.27600000 False 
1661329137863 152.80000000 1.67900000 False 
1661329140770 152.80000000 5.00000000 False 
1661329140770 152.80000000 1.31300000 False 
1661329140770 152.80000000 0.76700000 False 
1661329140770 152.80000000 0.65400000 False 
1661329140770 152.80000000 1.96000000 False 
1661329140770 152.80000000 1.95500000 False 
1661329140770 152.80000000 2.00000000 False 
1661329140774 152.80000000 2.00000000 False 
1661329154389 152.90000000 1.03400000 False 
1661329154389 152.90000000 0.36100000 False 
1661329154389 152.90000000 0.10100000 False 
1661329156617 152.90000000 0.32700000 True 
1661329167416 153.00000000 1.96000000 False 
1661329167416 153.00000000 1.95500000 False 
1661329167416 153.00000000 1.31300000 False 
1661329167416 153.00000000 4.00000000 False 
1661329167416 153.00000000 0.65900000 False 
1661329167416 153.00000000 0.65400000 False 
1661329167416 153.00000000 8.00000000 False 
1661329188500 153.10000000 0.38600000 False 
1661329198901 153.10000000 1.57400000 False 
1661329198901 153.10000000 0.65900000 False 
1661329198901 153.10000000 0.65400000 False 
1661329198901 153.10000000 1.40000000 False 
1661329198901 153.10000000 4.00000000 False 
1661329198901 153.10000000 1.30800000 False 
1661329198901 153.10000000 1.94600000 False 
1661329198901 153.10000000 1.96900000 False 
1661329198901 153.10000000 0.97900000 False 
1661329198901 153.10000000 4.00000000 False 
1661329198901 153.10000000 6.00000000 False 
1661329198902 153.20000000 0.09400000 False 
1661329198902 153.20000000 0.14700000 False 
1661329198902 153.20000000 20.22400000 False 
1661329198929 153.10000000 8.00000000 False 
1661329198929 153.10000000 4.00000000 False 
1661329198929 153.20000000 6.50000000 False 
1661329198929 153.20000000 2.50000000 False 
1661329199480 153.20000000 2.00000000 False 
1661329199480 153.20000000 0.59000000 False 
1661329200986 153.20000000 0.31900000 False 
1661329207742 153.10000000 5.00000000 True 
1661329235498 153.10000000 3.10100000 True 
1661329245922 153.20000000 1.64100000 False 
1661329245922 153.20000000 1.31300000 False 
1661329245922 153.20000000 1.95500000 False 
1661329245922 153.20000000 2.01900000 False 
1661329259032 153.10000000 0.17200000 True 
1661329259032 153.10000000 0.07600000 True 
1661329259032 153.00000000 3.48900000 True 
1661329263245 153.10000000 0.40400000 False 
1661329263776 153.00000000 0.07000000 True 
1661329263785 153.00000000 0.07000000 True 
1661329272966 153.10000000 3.59600000 False 
1661329272966 153.10000000 8.00000000 False 
1661329272966 153.10000000 1.96000000 False 
1661329272966 153.10000000 1.31300000 False 
1661329272966 153.10000000 1.95500000 False 
1661329272966 153.10000000 0.65400000 False 
1661329283551 153.20000000 1.61600000 False 
1661329296740 153.20000000 0.06800000 False 
1661329296740 153.30000000 0.14700000 False 
1661329296740 153.30000000 0.07900000 False 
1661329296740 153.30000000 6.50000000 False 
1661329296740 153.30000000 7.06700000 False 
1661329296740 153.30000000 1.94500000 False 
1661329296740 153.30000000 4.56600000 False 
1661329296740 153.30000000 4.56600000 False 
1661329296740 153.30000000 4.56600000 False 
1661329296740 153.30000000 4.56600000 False 
1661329296740 153.30000000 0.02800000 False 
1661329296760 153.30000000 4.53800000 False 
1661329296760 153.30000000 4.56600000 False 
1661329296760 153.30000000 6.53000000 False 
1661329296760 153.30000000 8.00000000 False 
1661329296760 153.30000000 3.96600000 False 
1661329296768 153.40000000 0.14600000 False 
1661329296768 153.40000000 0.13700000 False 
1661329296768 153.40000000 0.14700000 False 
1661329296768 153.40000000 0.18300000 False 
1661329296768 153.40000000 5.15700000 False 
1661329296768 153.40000000 1.01400000 False 
1661329296771 153.40000000 3.32800000 False 
1661329296786 153.30000000 2.37200000 False 
1661329296792 153.30000000 5.62800000 False 
1661329296792 153.30000000 2.37200000 False 
1661329296792 153.30000000 1.62800000 False 
1661329296792 153.30000000 4.40700000 False 
1661329296809 153.40000000 1.73200000 False 
1661329296877 153.40000000 0.70400000 False 
1661329296877 153.40000000 0.35200000 False 
1661329296877 153.40000000 4.89100000 False 
1661329296877 153.40000000 4.00000000 False 
1661329296877 153.40000000 0.69900000 False 
1661329297006 153.30000000 0.51000000 True 
1661329297006 153.30000000 3.49000000 True 
1661329297006 153.30000000 3.05800000 True 
1661329297591 153.40000000 1.27000000 False 
1661329297591 153.40000000 1.31300000 False 
1661329297591 153.40000000 1.96000000 False 
1661329297591 153.40000000 0.20000000 False 
1661329297746 153.40000000 1.75500000 False 
1661329297746 153.40000000 0.71000000 False 
1661329308441 153.40000000 1.23600000 False 
1661329308441 153.40000000 0.65400000 False 
1661329308441 153.40000000 0.07800000 False 
1661329308441 153.40000000 0.23100000 False 
1661329314406 153.40000000 1.16900000 False 
1661329314406 153.40000000 0.43200000 False 
1661329314643 153.40000000 0.13600000 False 
1661329314746 153.40000000 0.09100000 False 
1661329314746 153.40000000 3.57300000 False 
1661329314757 153.40000000 0.92700000 False 
1661329316839 153.40000000 2.00000000 False 
1661329316994 153.40000000 1.00000000 False 
1661329329048 153.40000000 0.10000000 True 
1661329331547 153.40000000 0.52700000 True 
1661329331630 153.40000000 0.07200000 True 
1661329342713 153.50000000 23.40600000 False 
1661329342713 153.50000000 4.00000000 False 
1661329342713 153.50000000 0.47600000 False 
1661329342713 153.50000000 0.97700000 False 
1661329342713 153.50000000 0.65400000 False 
1661329342713 153.50000000 4.50000000 False 
1661329342713 153.50000000 8.00000000 False 
1661329342713 153.50000000 1.31300000 False 
1661329363725 153.60000000 0.13100000 False 
1661329363725 153.60000000 0.13300000 False 
1661329363725 153.60000000 0.14700000 False 
1661329363725 153.60000000 0.06800000 False 
1661329363725 153.60000000 0.06800000 False 
1661329363725 153.60000000 0.07800000 False 
1661329363725 153.60000000 4.00000000 False 
1661329363725 153.60000000 1.94600000 False 
1661329363725 153.60000000 4.00000000 False 
1661329363725 153.60000000 1.95500000 False 
1661329363725 153.60000000 1.40000000 False 
1661329363725 153.60000000 1.30800000 False 
1661329363725 153.60000000 0.65900000 False 
1661329363725 153.60000000 1.96000000 False 
1661329363725 153.60000000 4.50000000 False 
1661329363725 153.60000000 1.48400000 False 
1661329363725 153.60000000 0.65400000 False 
1661329363725 153.60000000 0.65200000 False 
1661329363725 153.60000000 0.65800000 False 
1661329363725 153.60000000 1.96900000 False 
1661329363725 153.60000000 0.65600000 False 
1661329363725 153.60000000 6.51300000 False 
1661329364314 153.70000000 0.14700000 False 
1661329364314 153.70000000 0.14700000 False 
1661329364314 153.70000000 0.09200000 False 
1661329364314 153.70000000 0.16600000 False 
1661329364314 153.70000000 0.11900000 False 
1661329364314 153.70000000 4.94500000 False 
1661329364314 153.70000000 6.50000000 False 
1661329364314 153.70000000 6.00000000 False 
1661329371338 153.70000000 2.47300000 False 
1661329371434 153.70000000 0.28200000 False 
1661329376542 153.70000000 3.26700000 False 
1661329376875 153.60000000 0.16800000 True 
1661329376905 153.60000000 0.09800000 True 
1661329377881 153.70000000 0.09700000 False 
1661329380042 153.70000000 0.10500000 False 
1661329386478 153.60000000 5.73400000 True 
1661329386478 153.60000000 2.22100000 True 
1661329386478 153.60000000 0.75400000 True 
1661329386478 153.60000000 0.30200000 True 
1661329386478 153.50000000 6.92400000 True 
1661329386478 153.50000000 6.00000000 True 
1661329386478 153.50000000 6.80800000 True 
1661329386478 153.50000000 2.53800000 True 
1661329393339 153.60000000 4.00000000 False 
1661329393339 153.60000000 6.79200000 False 
1661329393339 153.60000000 8.00000000 False 
1661329393339 153.60000000 0.65900000 False 
1661329393339 153.60000000 0.65400000 False 
1661329393339 153.60000000 1.30800000 False 
1661329393339 153.60000000 0.65800000 False 
1661329393339 153.60000000 0.65200000 False 
1661329393339 153.60000000 1.40000000 False 
1661329393339 153.60000000 1.95500000 False 
1661329393339 153.60000000 1.94600000 False 
1661329393339 153.60000000 1.96000000 False 
1661329393472 153.70000000 6.00000000 False 
1661329393472 153.70000000 2.18500000 False 
1661329393530 153.70000000 0.98100000 False 
1661329393530 153.70000000 6.51300000 False 
1661329393530 153.70000000 6.79200000 False 
1661329393530 153.70000000 2.14400000 False 
1661329393892 153.60000000 0.06900000 True 
1661329393895 153.60000000 0.07000000 True 
1661329393903 153.60000000 0.09800000 True 
1661329393906 153.60000000 0.06900000 True 
1661329393906 153.60000000 0.07900000 True 
1661329393907 153.60000000 0.06900000 True 
1661329393908 153.60000000 0.09100000 True 
1661329393912 153.60000000 0.06900000 True 
1661329393918 153.60000000 0.06900000 True 
1661329393919 153.60000000 0.16400000 True 
1661329393920 153.60000000 0.06900000 True 
1661329393920 153.60000000 0.07000000 True 
1661329393922 153.60000000 0.06900000 True 
1661329393925 153.60000000 0.06900000 True 
1661329394171 153.60000000 0.06900000 True 
1661329398456 153.70000000 0.65100000 False 
1661329404047 153.60000000 0.65400000 False 
1661329404047 153.60000000 4.00000000 False 
1661329404047 153.60000000 4.00000000 False 
1661329404047 153.70000000 5.34900000 False 
1661329404047 153.70000000 0.65800000 False 
1661329404047 153.70000000 0.65200000 False 
1661329404047 153.70000000 1.30800000 False 
1661329404047 153.70000000 0.65900000 False 
1661329404047 153.70000000 3.72000000 False 
1661329410208 153.70000000 4.00000000 False 
1661329411383 153.80000000 0.65300000 False 
1661329411383 153.80000000 0.67300000 False 
1661329411383 153.80000000 0.14700000 False 
1661329411383 153.80000000 0.79100000 False 
1661329413090 153.70000000 0.26600000 True 
1661329417179 153.80000000 2.59400000 False 
1661329427340 153.60000000 0.21000000 True 
1661329427949 153.60000000 0.07000000 True 
1661329437348 153.70000000 4.00000000 False 
1661329437348 153.70000000 0.65400000 False 
1661329437348 153.70000000 1.31300000 False 
1661329437348 153.70000000 6.00000000 False 
1661329437348 153.70000000 0.65900000 False 
1661329440159 153.70000000 0.13000000 True 
1661329446081 153.60000000 1.92700000 True 
1661329459581 153.60000000 9.15500000 True 
1661329459581 153.60000000 0.25300000 True 
1661329459584 153.60000000 4.18500000 True 
1661329459807 153.60000000 0.51000000 True 
1661329459807 153.60000000 0.86700000 True 
1661329461986 153.60000000 0.91100000 False 
1661329482546 153.60000000 0.23400000 False 
1661329482652 153.60000000 4.33600000 False 
1661329482652 153.60000000 1.95500000 False 
1661329482652 153.60000000 0.65400000 False 
1661329482652 153.60000000 1.31300000 False 
1661329482652 153.60000000 1.96000000 False 
1661329482652 153.60000000 4.00000000 False 
1661329498846 153.70000000 4.57000000 False 
1661329498846 153.70000000 0.65400000 False 
1661329500365 153.80000000 3.57800000 False 
1661329500365 153.80000000 0.07800000 False 
1661329500365 153.80000000 19.28400000 False 
1661329500365 153.80000000 2.90800000 False 
1661329500376 153.80000000 3.60000000 False 
1661329500376 153.80000000 8.00000000 False 
1661329500376 153.80000000 4.00000000 False 
1661329500376 153.80000000 0.10400000 False 
1661329500376 153.90000000 0.14600000 False 
1661329500376 153.90000000 0.14700000 False 
1661329500376 153.90000000 0.32800000 False 
1661329500376 153.90000000 0.39400000 False 
1661329500376 153.90000000 0.99900000 False 
1661329500376 153.90000000 3.28200000 False 
1661329500376 153.90000000 3.46900000 False 
1661329500376 153.90000000 17.53100000 False 
1661329500384 153.90000000 1.87000000 False 
1661329500384 153.90000000 5.74500000 False 
1661329500384 153.90000000 11.71800000 False 
1661329500384 153.90000000 1.66700000 False 
1661329500442 153.90000000 0.64900000 False 
1661329500442 153.90000000 6.50400000 False 
1661329500442 153.90000000 4.00000000 False 
1661329500442 153.90000000 0.66200000 False 
1661329500458 153.80000000 0.07200000 True 
1661329500657 153.90000000 1.29900000 False 
1661329500728 153.90000000 0.21300000 False 
1661329500915 153.90000000 0.44800000 False 
1661329500915 153.90000000 0.15500000 False 
1661329500925 153.90000000 0.26600000 False 
1661329500972 153.90000000 0.89200000 False 
1661329501334 153.90000000 0.07800000 True 
1661329503507 153.90000000 5.00000000 False 
1661329503507 153.90000000 1.75100000 False 
1661329503916 153.90000000 0.06400000 False 
1661329520281 153.80000000 0.06800000 True 
1661329534275 153.80000000 4.56700000 True 
1661329534275 153.80000000 0.63800000 True 
1661329534275 153.80000000 0.34000000 True 
1661329534864 153.80000000 4.49100000 True 
1661329542153 153.80000000 0.14200000 False 
1661329567582 153.70000000 0.62700000 False 
1661329568069 153.60000000 0.06900000 True 
1661329568069 153.60000000 0.07200000 True 
1661329568083 153.60000000 0.06900000 True 
1661329568093 153.60000000 0.06900000 True 
1661329568093 153.60000000 0.06900000 True 
1661329569085 153.70000000 0.06900000 False 
1661329579140 153.60000000 1.12900000 True 
1661329579140 153.60000000 2.36300000 True 
1661329591035 153.60000000 2.15100000 True 
1661329594899 153.70000000 3.72700000 False 
1661329594899 153.70000000 1.95500000 False 
1661329594899 153.70000000 0.65400000 False 
1661329594899 153.70000000 1.31300000 False 
1661329594899 153.70000000 1.96000000 False 
1661329594899 153.70000000 1.02900000 False 
1661329594899 153.70000000 2.00000000 False 
1661329594899 153.70000000 0.65900000 False 
1661329594899 153.70000000 8.00000000 False 
1661329594899 153.70000000 6.00000000 False 
1661329594899 153.70000000 1.40000000 False 
1661329594899 153.70000000 1.30800000 False 
1661329594899 153.70000000 1.96900000 False 
1661329594899 153.70000000 0.65600000 False 
1661329594899 153.70000000 0.65200000 False 
1661329594899 153.70000000 1.94600000 False 
1661329594899 153.70000000 0.65800000 False 
1661329594899 153.80000000 4.42200000 False 
1661329594899 153.80000000 6.00000000 False 
1661329594899 153.80000000 0.83500000 False 
1661329594899 153.80000000 6.50400000 False 
1661329594899 153.80000000 0.98600000 False 
1661329594899 153.80000000 4.55200000 False 
1661329594899 153.80000000 4.55200000 False 
1661329594899 153.80000000 4.55200000 False 
1661329594899 153.80000000 4.55200000 False 
1661329594899 153.80000000 4.55200000 False 
1661329594899 153.80000000 4.55200000 False 
1661329594899 153.80000000 18.57400000 False 
1661329594899 153.80000000 19.73900000 False 
1661329594899 153.80000000 19.34900000 False 
1661329594899 153.80000000 1.94500000 False 
1661329594899 153.80000000 19.28400000 False 
1661329594899 153.80000000 18.77300000 False 
1661329594899 153.80000000 20.53300000 False 
1661329594899 153.80000000 20.04500000 False 
1661329594899 153.90000000 18.88200000 False 
1661329594899 153.90000000 19.46600000 False 
1661329594899 153.90000000 19.57000000 False 
1661329594899 153.90000000 19.40200000 False 
1661329594899 153.90000000 12.78800000 False 
1661329594899 153.90000000 9.87500000 False 
1661329594899 153.90000000 19.25800000 False 
1661329594899 153.90000000 6.44500000 False 
1661329594899 153.90000000 1.40000000 False 
1661329594899 153.90000000 6.50000000 False 
1661329594899 153.90000000 5.57100000 False 
1661329594899 154.00000000 0.09400000 False 
1661329594899 154.00000000 0.17300000 False 
1661329594899 154.00000000 0.37600000 False 
1661329594899 154.00000000 1.70300000 False 
1661329594899 154.00000000 0.27700000 False 
1661329594899 154.00000000 0.20400000 False 
1661329594899 154.00000000 7.51300000 False 
1661329594899 154.00000000 19.38900000 False 
1661329594899 154.00000000 3.93300000 False 
1661329594899 154.00000000 0.35200000 False 
1661329594899 154.00000000 0.70400000 False 
1661329594899 154.00000000 27.00000000 False 
1661329594899 154.00000000 3.00000000 False 
1661329594899 154.00000000 1.47500000 False 
1661329594899 154.00000000 4.30000000 False 
1661329594899 154.00000000 6.74600000 False 
1661329594899 154.00000000 30.08400000 False 
1661329594899 154.10000000 0.13000000 False 
1661329594899 154.10000000 0.13600000 False 
1661329594899 154.10000000 0.14600000 False 
1661329594899 154.10000000 1.46900000 False 
1661329594899 154.10000000 0.27600000 False 
1661329594899 154.10000000 0.27600000 False 
1661329594899 154.10000000 0.65800000 False 
1661329594899 154.10000000 0.07800000 False 
1661329594899 154.10000000 5.86500000 False 
1661329594899 154.10000000 1.40800000 False 
1661329594899 154.10000000 1.99200000 False 
1661329594924 153.90000000 7.16100000 False 
1661329594925 153.90000000 4.18200000 False 
1661329594925 154.00000000 3.48000000 False 
1661329594925 154.00000000 3.69300000 False 
1661329594940 153.90000000 4.16600000 False 
1661329594942 153.90000000 2.68800000 False 
1661329594943 153.90000000 7.16100000 False 
1661329594946 153.90000000 5.26900000 False 
1661329594950 154.00000000 4.18200000 False 
1661329594953 154.00000000 7.56000000 False 
1661329594957 154.00000000 5.72600000 False 
1661329594959 154.00000000 4.55200000 False 
1661329594961 153.90000000 4.18200000 True 
1661329594965 154.00000000 4.52300000 False 
1661329594965 154.00000000 0.81600000 False 
1661329594965 154.00000000 3.13900000 False 
1661329594966 154.00000000 2.86100000 False 
1661329594966 154.00000000 3.25400000 False 
1661329594966 154.00000000 2.95000000 False 
1661329594966 154.00000000 0.14200000 False 
1661329594966 154.10000000 2.48700000 False 
1661329594973 154.00000000 2.00000000 True 
1661329594973 154.00000000 2.54600000 True 
1661329594977 154.10000000 0.32800000 False 
1661329594977 154.10000000 6.44800000 False 
1661329594977 154.10000000 11.65500000 False 
1661329594979 154.00000000 0.70800000 True 
1661329594979 154.00000000 2.95000000 True 
1661329594979 154.00000000 0.28300000 True 
1661329594979 154.00000000 0.14300000 True 
1661329594980 154.00000000 0.19600000 True 
1661329594980 154.00000000 1.11700000 True 
1661329594981 154.00000000 4.54600000 True 
1661329594983 154.00000000 1.47500000 True 
1661329594984 154.10000000 2.30900000 False 
1661329594985 154.00000000 4.54600000 True 
1661329594992 154.10000000 5.36000000 False 
1661329594992 154.20000000 1.71000000 False 
1661329594995 154.10000000 0.30700000 False 
1661329594995 154.20000000 1.46300000 False 
1661329594995 154.20000000 0.14600000 False 
1661329594995 154.20000000 0.14600000 False 
1661329594996 154.20000000 0.09800000 False 
1661329594996 154.20000000 0.23600000 False 
1661329594996 154.20000000 0.23600000 False 
1661329594996 154.20000000 0.30000000 False 
1661329594996 154.20000000 1.89300000 False 
1661329595003 154.20000000 3.15500000 False 
1661329595009 154.20000000 1.70300000 False 
1661329595009 154.20000000 0.30300000 False 
1661329595011 154.00000000 4.54600000 True 
1661329595013 154.00000000 4.54600000 True 
1661329595014 154.00000000 4.17100000 True 
1661329595014 154.00000000 0.37500000 True 
1661329595020 154.20000000 4.65100000 False 
1661329595020 154.10000000 0.65600000 False 
1661329595020 154.20000000 5.67400000 False 
1661329595020 154.20000000 1.47100000 False 
1661329595024 154.10000000 1.96900000 False 
1661329595024 154.20000000 3.96000000 False 
1661329595024 154.20000000 8.76900000 False 
1661329595029 154.10000000 1.40000000 False 
1661329595029 154.20000000 10.64500000 False 
1661329595029 154.20000000 0.43300000 False 
1661329595032 154.20000000 0.30300000 False 
1661329595036 154.20000000 1.70100000 False 
1661329595036 154.20000000 4.80300000 False 
1661329595038 154.10000000 4.39400000 False 
1661329595039 154.10000000 5.67400000 False 
1661329595046 154.10000000 7.71300000 False 
1661329595072 154.00000000 5.26900000 True 
1661329595072 154.00000000 5.67300000 True 
1661329595072 154.00000000 2.62800000 True 
1661329595092 154.00000000 2.02300000 True 
1661329595152 154.10000000 0.17500000 True 
1661329595192 154.10000000 0.29100000 True 
1661329595201 154.10000000 0.37400000 True 
1661329595263 154.00000000 0.88300000 True 
1661329595567 154.00000000 8.14900000 True 
1661329595567 154.00000000 0.64700000 True 
1661329595851 154.00000000 0.07800000 False 
1661329596090 153.90000000 6.06600000 True 
1661329596090 153.90000000 6.06600000 True 
1661329596090 153.90000000 5.88100000 True 
1661329596090 153.90000000 0.76400000 True 
1661329596090 153.90000000 10.91000000 True 
1661329596090 153.80000000 7.56900000 True 
1661329596091 153.80000000 0.51600000 True 
1661329596091 153.80000000 5.72700000 True 
1661329596091 153.80000000 1.29900000 True 
1661329596091 153.80000000 2.45800000 True 
1661329596095 153.80000000 4.55200000 True 
1661329596095 153.80000000 4.55200000 True 
1661329596095 153.80000000 4.55200000 True 
1661329596095 153.80000000 0.34400000 True 
1661329597112 153.80000000 0.07700000 True 
1661329597594 153.90000000 4.56800000 False 
1661329597594 153.90000000 3.43700000 False 
1661329597643 153.90000000 2.56300000 False 
1661329597643 153.90000000 4.87400000 False 
1661329597643 153.90000000 6.50000000 False 
1661329597967 153.90000000 0.06900000 True 
1661329598005 153.90000000 2.00000000 True 
1661329598015 153.90000000 0.26600000 True 
1661329598096 153.90000000 0.06900000 True 
1661329598098 153.90000000 0.07000000 True 
1661329598099 153.90000000 0.07000000 True 
1661329598101 153.90000000 0.09800000 True 
1661329598104 153.90000000 0.06900000 True 
1661329598105 153.90000000 0.06900000 True 
1661329598105 153.90000000 0.06900000 True 
1661329598108 153.90000000 0.07000000 True 
1661329598113 153.90000000 0.08100000 True 
1661329598118 153.90000000 0.14700000 True 
1661329598122 153.90000000 0.07000000 True 
1661329598122 153.90000000 0.06900000 True 
1661329598128 153.90000000 0.07800000 True 
1661329598297 153.90000000 0.06900000 True 
1661329598301 153.90000000 0.07000000 True 
1661329598740 153.90000000 1.06500000 True 
1661329599091 153.90000000 3.50300000 False 
1661329599091 153.90000000 3.25000000 False 
1661329599904 153.80000000 0.18800000 True 
1661329599904 153.80000000 2.40400000 True 
1661329605171 153.80000000 0.30600000 True 
1661329606303 153.80000000 0.27500000 True 
1661329606788 153.80000000 1.58300000 True 
1661329606788 153.80000000 0.48700000 True 
1661329608721 153.80000000 1.19400000 False 
1661329615144 153.70000000 0.27500000 True 
1661329616146 153.70000000 0.16400000 True 
1661329632005 153.70000000 1.04900000 True 
1661329639140 153.70000000 3.34300000 True 
1661329645087 153.60000000 0.44900000 True 
1661329645087 153.60000000 0.23600000 True 
1661329645087 153.60000000 0.05400000 True 
1661329645089 153.60000000 5.00000000 True 
1661329645911 153.50000000 0.07200000 True 
1661329646341 153.50000000 0.07500000 True 
1661329646341 153.50000000 0.14700000 True 
1661329646341 153.50000000 0.36400000 True 
1661329653268 153.60000000 3.98200000 False 
1661329653268 153.60000000 1.95500000 False 
1661329653268 153.60000000 0.65900000 False 
1661329653268 153.60000000 1.96000000 False 
1661329653268 153.60000000 1.31300000 False 
1661329653268 153.60000000 0.65400000 False 
1661329653268 153.60000000 4.50000000 False 
1661329653268 153.60000000 1.40000000 False 
1661329653268 153.60000000 1.30800000 False 
1661329653268 153.60000000 5.53400000 False 
1661329653268 153.60000000 5.67300000 False 
1661329653268 153.60000000 5.64400000 False 
1661329659131 153.60000000 2.59000000 True 
1661329665416 153.60000000 1.06600000 True 
1661329674646 153.50000000 6.00000000 True 
1661329674646 153.50000000 5.69700000 True 
1661329674646 153.50000000 1.75100000 True 
1661329684130 153.50000000 4.26200000 True 
1661329695865 153.50000000 2.50000000 True 
1661329699142 153.50000000 0.23300000 True 
1661329699142 153.50000000 0.11500000 True 
1661329699142 153.40000000 4.62300000 True 
1661329699142 153.40000000 1.71500000 True 
1661329699177 153.50000000 0.21500000 False 
1661329703430 153.40000000 3.27800000 True 
1661329704190 153.40000000 0.13000000 True 
1661329704190 153.40000000 0.14700000 True 
1661329704190 153.40000000 0.02000000 True 
1661329714391 153.50000000 0.62500000 False 
1661329727058 153.40000000 0.21600000 True 
1661329727058 153.40000000 0.16100000 True 
1661329739131 153.40000000 4.97600000 True 
1661329747332 153.50000000 0.99500000 False 
1661329748299 153.50000000 0.50000000 False 
1661329748364 153.50000000 1.32300000 False 
1661329748364 153.50000000 2.16000000 False 
1661329748526 153.50000000 0.31700000 False 
1661329748620 153.50000000 2.02300000 False 
1661329748620 153.50000000 0.13200000 False 
1661329748681 153.50000000 0.15100000 False 
1661329750691 153.50000000 1.28000000 False 
1661329750691 153.50000000 1.31300000 False 
1661329750691 153.50000000 0.21700000 False 
1661329754848 153.50000000 3.44300000 True 
1661329754848 153.50000000 6.80900000 True 
1661329759141 153.50000000 0.21700000 True 
1661329759141 153.40000000 0.86300000 True 
1661329759141 153.40000000 1.47600000 True 
1661329782883 153.50000000 0.23100000 False 
1661329784167 153.40000000 3.26000000 True 
1661329804130 153.40000000 0.62500000 True 
1661329804130 153.40000000 4.98500000 True 
1661329819141 153.40000000 3.24900000 True 
1661329819261 153.40000000 2.00000000 False 
1661329841358 153.40000000 2.05400000 False 
1661329841358 153.40000000 1.74600000 False 
1661329841529 153.40000000 2.75400000 False 
1661329841529 153.40000000 0.48800000 False 
1661329842325 153.40000000 0.33100000 False 
1661329844161 153.30000000 0.70400000 True 
1661329844161 153.30000000 2.54700000 True 
1661329869132 153.30000000 4.41200000 True 
1661329870791 153.40000000 0.49400000 False 
1661329870791 153.40000000 1.94600000 False 
1661329870865 153.40000000 0.01400000 False 
1661329870865 153.40000000 4.50000000 False 
1661329870865 153.40000000 0.44100000 False 
1661329870865 153.40000000 0.36000000 False 
1661329879139 153.40000000 2.72000000 True 
1661329883914 153.50000000 3.42800000 False 
1661329883914 153.50000000 1.95500000 False 
1661329883914 153.50000000 0.65900000 False 
1661329883914 153.50000000 0.65400000 False 
1661329883914 153.50000000 4.50000000 False 
1661329883914 153.50000000 1.00000000 False 
1661329889760 153.60000000 1.00600000 False 
1661329889937 153.60000000 0.30700000 False 
1661329891558 153.80000000 0.19600000 False 
1661329891558 153.80000000 1.29700000 False 
1661329891558 153.80000000 0.90400000 False 
1661329892247 153.70000000 0.06900000 False 
1661329892374 153.70000000 0.06900000 False 
1661329892583 153.70000000 0.06900000 False 
1661329892594 153.70000000 0.08100000 False 
1661329898230 153.70000000 1.02500000 False 
1661329898230 153.70000000 1.95500000 False 
1661329898230 153.70000000 1.96000000 False 
1661329898230 153.70000000 4.50000000 False 
1661329898230 153.70000000 0.08200000 False 
1661329900450 153.80000000 0.65100000 False 
1661329902059 153.70000000 1.40000000 True 
1661329902072 153.70000000 1.56500000 True 
1661329902200 153.70000000 0.89400000 True 
1661329902207 153.70000000 0.50600000 True 
1661329906850 153.60000000 4.36700000 True 
1661329906850 153.60000000 6.00000000 True 
1661329906850 153.60000000 8.08800000 True 
1661329906850 153.60000000 5.96000000 True 
1661329906850 153.60000000 3.88400000 True 
1661329906850 153.60000000 1.96900000 True 
1661329906851 153.60000000 0.65600000 True 
1661329906851 153.60000000 11.67400000 True 
1661329906851 153.60000000 1.40000000 True 
1661329906851 153.60000000 0.65200000 True 
1661329906851 153.60000000 1.30800000 True 
1661329906851 153.60000000 7.76600000 True 
1661329906851 153.60000000 0.65800000 True 
1661329906851 153.60000000 1.94600000 True 
1661329906851 153.60000000 0.65900000 True 
1661329906851 153.60000000 0.35200000 True 
1661329906851 153.60000000 0.65400000 True 
1661329906851 153.50000000 8.08900000 True 
1661329906851 153.50000000 12.86200000 True 
1661329906851 153.50000000 3.20900000 True 
1661329921549 153.60000000 0.40000000 False 
1661329921639 153.60000000 0.24600000 False 
1661329924526 153.60000000 2.33500000 False 
1661329927951 153.60000000 1.18400000 False 
1661329927951 153.60000000 1.96000000 False 
1661329927951 153.60000000 1.31300000 False 
1661329927951 153.60000000 0.53600000 False 
1661329927951 153.60000000 4.50000000 False 
1661329927951 153.60000000 1.00000000 False 
1661329939149 153.60000000 2.13900000 True 
1661329943880 153.70000000 0.49200000 False 
1661329951355 153.70000000 0.45500000 False 
1661329957031 153.60000000 1.20300000 True 
1661329959724 153.60000000 4.10600000 True 
1661329959724 153.60000000 8.08900000 True 
1661329959724 153.60000000 0.74500000 True 
1661329964165 153.50000000 1.95700000 True 
1661329964605 153.60000000 2.35100000 False 
1661329965818 153.60000000 0.55800000 False 
1661329965818 153.60000000 4.00000000 False 
1661329965818 153.60000000 0.49900000 False 
1661329967068 153.60000000 2.05100000 False 
1661329971973 153.60000000 1.95500000 False 
1661329971973 153.60000000 0.65400000 False 
1661329971973 153.60000000 1.31300000 False 
1661329971973 153.60000000 1.96000000 False 
1661329971973 153.60000000 0.74700000 False 
1661329977697 153.60000000 2.91100000 True 
1661329977697 153.60000000 8.08400000 True 
1661329985809 153.60000000 2.90900000 False 
1661329985809 153.60000000 0.19800000 False 
1661329999146 153.50000000 2.44700000 True 
1661330029143 153.50000000 0.65100000 True 
1661330029143 153.50000000 3.29600000 True 
1661330032867 153.50000000 3.65600000 True 
1661330059157 153.40000000 2.24800000 True 
1661330065535 153.40000000 5.00000000 True 
1661330084162 153.40000000 0.84400000 True 
1661330084162 153.40000000 1.00900000 True 
1661330105484 153.50000000 3.51800000 False 
1661330105589 153.50000000 0.14000000 False 
1661330105589 153.50000000 0.36600000 False 
1661330106285 153.50000000 6.44900000 False 
1661330106285 153.50000000 1.07700000 False 
1661330106285 153.50000000 0.10600000 False 
1661330106438 153.50000000 0.50600000 False 
1661330109132 153.50000000 3.24500000 True 
1661330119147 153.50000000 3.52600000 True 
1661330126840 153.60000000 0.11400000 False 
1661330126842 153.60000000 0.11300000 False 
1661330137672 153.60000000 0.56800000 False 
1661330147020 153.50000000 3.65900000 True 
1661330147020 153.50000000 0.35200000 True 
1661330147020 153.50000000 0.65600000 True 
1661330147020 153.50000000 1.96900000 True 
1661330147154 153.50000000 0.60000000 False 
1661330151971 153.50000000 3.05900000 False 
1661330169131 153.50000000 0.60000000 True 
1661330169131 153.50000000 2.91600000 True 
1661330173093 153.50000000 12.88500000 True 
1661330173093 153.50000000 8.09000000 True 
1661330173093 153.50000000 3.05800000 True 
1661330179145 153.40000000 1.39300000 True 
1661330192128 153.50000000 0.20500000 False 
1661330192677 153.40000000 0.81700000 True 
1661330196837 153.40000000 7.52100000 True 
1661330196837 153.40000000 7.47900000 True 
1661330196989 153.40000000 0.20600000 True 
1661330199142 153.30000000 1.72100000 True 
1661330199657 153.30000000 0.16400000 True 
1661330199874 153.30000000 5.72500000 True 
1661330199874 153.30000000 1.91200000 True 
1661330202215 153.40000000 2.54200000 False 
1661330202215 153.40000000 0.54600000 False 
1661330224132 153.30000000 0.54700000 True 
1661330224132 153.30000000 0.99400000 True 
1661330231407 153.40000000 3.11400000 False 
1661330231407 153.40000000 1.31300000 False 
1661330231407 153.40000000 1.96000000 False 
1661330231407 153.40000000 6.00000000 False 
1661330231407 153.40000000 0.24100000 False 
1661330231407 153.40000000 0.43000000 False 
1661330231407 153.40000000 2.00000000 False 
1661330231407 153.40000000 2.00000000 False 
1661330231409 153.50000000 0.39500000 False 
1661330231409 153.50000000 6.00000000 False 
1661330231409 153.50000000 2.58600000 False 
1661330231409 153.50000000 1.46000000 False 
1661330231417 153.50000000 1.47400000 False 
1661330231417 153.50000000 5.49800000 False 
1661330231417 153.50000000 3.83800000 False 
1661330231417 153.50000000 8.29100000 False 
1661330231417 153.50000000 1.89900000 False 
1661330231419 153.50000000 4.61800000 False 
1661330231419 153.50000000 2.60800000 False 
1661330231419 153.50000000 1.46100000 False 
1661330231419 153.50000000 1.94500000 False 
1661330231419 153.50000000 4.56000000 False 
1661330231419 153.50000000 4.56000000 False 
1661330231419 153.50000000 1.24800000 False 
1661330231459 153.40000000 0.54800000 False 
1661330239140 153.50000000 2.84400000 True 
1661330249579 153.50000000 1.21300000 True 
1661330255224 153.50000000 2.44700000 False 
1661330255224 153.50000000 1.32000000 False 
1661330256576 153.50000000 0.68400000 False 
1661330266856 153.50000000 1.21400000 False 
1661330274132 153.50000000 1.99600000 True 
1661330274276 153.50000000 5.00000000 True 
1661330279846 153.50000000 0.19000000 True 
1661330289131 153.50000000 3.33800000 True 
1661330299141 153.50000000 0.75600000 True 
1661330321281 153.50000000 1.47500000 True 
1661330321281 153.50000000 2.44600000 True 
1661330361175 153.50000000 2.00000000 False 
1661330362889 153.40000000 0.12200000 True 
1661330373542 153.40000000 0.40000000 True 
1661330384252 153.40000000 2.98700000 True 
1661330384252 153.40000000 6.00000000 True 
1661330384252 153.40000000 7.01300000 True 
1661330384252 153.40000000 15.00000000 True 
1661330384272 153.40000000 8.07100000 True 
1661330384272 153.40000000 11.67400000 True 
1661330384371 153.40000000 2.00000000 False 
1661330388489 153.40000000 1.95500000 False 
1661330388489 153.40000000 0.30900000 False 
1661330388489 153.40000000 0.19400000 False 
1661330389162 153.40000000 1.70600000 True 
1661330389162 153.40000000 6.00000000 True 
1661330389162 153.40000000 32.29400000 True 
1661330389163 153.40000000 0.83200000 True 
1661330399532 153.40000000 1.70700000 False 
1661330399532 153.40000000 0.45000000 False 
1661330401526 153.40000000 1.55000000 False 
1661330401526 153.40000000 0.60600000 False 
1661330402538 153.40000000 2.15600000 False 
1661330413464 153.30000000 1.43400000 True 
1661330416044 153.30000000 0.98100000 True 
1661330416044 153.30000000 1.01900000 True 
1661330416068 153.30000000 2.64300000 True 
1661330423235 153.20000000 0.14800000 True 
1661330423235 153.20000000 0.09400000 True 
1661330423235 153.20000000 1.67900000 True 
1661330431467 153.20000000 0.07700000 True 
1661330432672 153.20000000 1.44800000 True 
1661330436438 153.10000000 0.11600000 True 
1661330441601 153.10000000 0.03000000 True 
1661330441601 153.10000000 0.14800000 True 
1661330441601 153.10000000 0.13600000 True 
1661330441601 153.10000000 1.50500000 True 
1661330441601 153.10000000 1.88100000 True 
1661330443210 153.20000000 3.39900000 False 
1661330445208 153.20000000 0.26400000 False 
1661330445208 153.20000000 0.08100000 False 
1661330445208 153.20000000 0.18300000 False 
1661330445208 153.30000000 2.87100000 False 
1661330446214 153.30000000 0.79100000 False 
1661330446214 153.30000000 2.60800000 False 
1661330450503 153.20000000 0.24800000 True 
1661330460445 153.20000000 1.24900000 True 
1661330485374 153.20000000 3.38300000 True 
1661330501863 153.30000000 0.19000000 False 
1661330518418 153.30000000 1.31300000 False 
1661330518418 153.30000000 0.40500000 False 
1661330518418 153.30000000 0.85200000 False 
1661330518418 153.30000000 1.95500000 False 
1661330518418 153.30000000 4.00000000 False 
1661330518418 153.30000000 8.00000000 False 
1661330518418 153.30000000 0.65900000 False 
1661330533216 153.40000000 0.44000000 False 
1661330533216 153.40000000 0.77800000 False 
1661330535400 153.40000000 1.16800000 False 
1661330535400 153.40000000 0.17700000 False 
1661330537979 153.50000000 3.73100000 False 
1661330538622 153.50000000 0.30600000 False 
1661330538984 153.50000000 0.19600000 False 
1661330542707 153.50000000 1.11700000 False 
1661330542707 153.50000000 2.68300000 False 
1661330542871 153.50000000 0.32600000 False 
1661330551468 153.50000000 0.66000000 True 
1661330570604 153.50000000 0.30600000 True 
1661330574905 153.50000000 1.96400000 True 
1661330583311 153.50000000 0.96300000 False 
1661330583311 153.50000000 0.11200000 False 
1661330583311 153.50000000 0.14400000 False 
1661330643309 153.50000000 0.65100000 True 
1661330658592 153.60000000 0.32600000 False 
1661330658592 153.60000000 0.32600000 False 
1661330658592 153.60000000 1.16500000 False 
1661330658609 153.60000000 1.31300000 False 
1661330658609 153.60000000 0.32600000 False 
1661330658609 153.60000000 1.96400000 False 
1661330659109 153.70000000 0.06900000 False 
1661330659125 153.70000000 0.09700000 False 
1661330668734 153.60000000 0.96200000 True 
1661330686654 153.60000000 6.00000000 False 
1661330686654 153.60000000 4.84400000 False 
1661330704293 153.50000000 5.89600000 True 
1661330716741 153.50000000 0.39600000 True 
1661330716741 153.50000000 0.96300000 True 
1661330716741 153.50000000 3.83700000 True 
1661330726704 153.60000000 0.22000000 False 
1661330727597 153.60000000 0.74200000 False 
1661330727597 153.60000000 0.65400000 False 
1661330727597 153.60000000 2.00000000 False 
1661330727597 153.60000000 0.60400000 False 
1661330732318 153.60000000 1.31300000 False 
1661330732318 153.60000000 0.96300000 False 
1661330732318 153.60000000 1.00000000 False 
1661330732318 153.60000000 4.01100000 False 
1661330732363 153.60000000 1.95500000 False 
1661330747644 153.50000000 0.12000000 True 
1661330748372 153.60000000 0.29600000 False 
1661330776876 153.60000000 0.43500000 False 
1661330781181 153.60000000 2.00000000 False 
1661330802285 153.70000000 0.12900000 False 
1661330802354 153.70000000 0.11300000 False 
1661330802354 153.70000000 0.21600000 False 
1661330829803 153.70000000 0.96200000 False 
1661330833199 153.70000000 0.35100000 False 
1661330833199 153.70000000 1.25300000 False 
1661330847300 153.70000000 5.39800000 False 
1661330847300 153.70000000 1.31300000 False 
1661330861037 153.70000000 0.36700000 True 
1661330872432 153.70000000 2.55800000 True 
1661330872432 153.70000000 5.00000000 True 
1661330960918 153.70000000 2.92300000 False 
1661330960918 153.70000000 1.95500000 False 
1661330979620 153.70000000 0.16000000 False 
1661330979620 153.70000000 1.22500000 False 
1661331031409 153.60000000 0.53600000 True 
1661331032183 153.60000000 4.46400000 True 
1661331068661 153.60000000 3.09100000 True 
1661331068661 153.60000000 5.72200000 True 
1661331068661 153.60000000 2.92300000 True 
1661331068661 153.60000000 0.12400000 True 
1661331068661 153.50000000 1.32300000 True 
1661331068661 153.50000000 2.74000000 True 
1661331068661 153.50000000 4.02800000 True 
1661331068661 153.50000000 0.04900000 True 
1661331080983 153.60000000 0.45500000 True 
1661331126415 153.60000000 0.21900000 False 
1661331135790 153.60000000 0.19300000 False 
1661331139322 153.50000000 6.23000000 True 
1661331142722 153.40000000 6.73300000 True 
1661331168175 153.40000000 1.35700000 True 
1661331168175 153.40000000 4.24300000 True 
1661331194774 153.50000000 0.31500000 False 
1661331194774 153.50000000 0.10700000 False 
1661331195469 153.50000000 6.00000000 True 
1661331195469 153.40000000 0.47800000 True 
1661331228869 153.50000000 6.00000000 True 
1661331228869 153.40000000 0.22600000 True 
1661331228869 153.40000000 1.45200000 True 
1661331248520 153.60000000 0.19900000 False 
1661331249500 153.50000000 1.97300000 True 
1661331268536 153.60000000 1.50700000 False 
1661331276157 153.70000000 0.47900000 False 
1661331317337 153.50000000 3.91900000 True 
1661331351325 153.50000000 1.50800000 True 
1661331351325 153.50000000 6.63400000 True 
1661331384175 153.50000000 5.40400000 True 
1661331411746 153.40000000 1.43800000 True 
1661331412282 153.50000000 0.11300000 False 
1661331412284 153.50000000 0.12400000 False 
1661331412290 153.50000000 0.23700000 False 
1661331412296 153.50000000 0.15300000 False 
1661331421723 153.40000000 0.35200000 True 
1661331421723 153.40000000 3.56400000 True 
1661331422223 153.50000000 0.60000000 False 
1661331423724 153.40000000 1.30800000 True 
1661331423724 153.40000000 0.65600000 True 
1661331423724 153.40000000 1.95100000 True 
1661331423944 153.50000000 0.18000000 False 
1661331423955 153.50000000 0.60000000 False 
1661331424723 153.40000000 0.01800000 True 
1661331424723 153.40000000 1.40000000 True 
1661331424723 153.40000000 2.49700000 True 
1661331453918 153.50000000 0.92000000 False 
1661331453918 153.50000000 0.55000000 False 
1661331477953 153.40000000 0.94100000 False 
1661331482564 153.40000000 0.22500000 False 
1661331482564 153.40000000 0.13000000 False 
1661331482564 153.40000000 0.18600000 False 
1661331516254 153.50000000 0.38500000 False 
1661331517489 153.40000000 0.65600000 True 
1661331517489 153.40000000 1.96900000 True 
1661331517489 153.40000000 2.92800000 True 
1661331517489 153.40000000 1.30800000 True 
1661331544035 153.40000000 1.00000000 False 
1661331544035 153.40000000 0.49200000 False 
1661331546098 153.30000000 30.08400000 True 
1661331546098 153.30000000 52.36500000 True 
1661331546098 153.30000000 0.07800000 True 
1661331546098 153.30000000 1.01600000 True 
1661331548207 153.20000000 11.67400000 True 
1661331548207 153.20000000 1.40000000 True 
1661331548207 153.20000000 1.30800000 True 
1661331548207 153.20000000 1.96900000 True 
1661331548207 153.20000000 0.65600000 True 
1661331550158 153.20000000 5.00000000 True 
1661331557512 153.20000000 1.31500000 False 
1661331558496 153.10000000 1.50500000 True 
1661331558496 153.10000000 5.50400000 True 
1661331560502 153.10000000 7.01000000 True 
1661331561494 153.10000000 0.35200000 True 
1661331561494 153.10000000 5.34300000 True 
1661331566279 153.10000000 6.33100000 True 
1661331566279 153.10000000 2.93700000 True 
1661331597864 153.30000000 1.96900000 True 
1661331597864 153.30000000 0.32600000 True 
1661331603397 153.30000000 0.32600000 False 
1661331606050 153.20000000 0.12800000 True 
1661331609185 153.20000000 4.50000000 False 
1661331621812 153.30000000 1.27100000 False 
1661331642569 153.30000000 1.30800000 True 
1661331642569 153.20000000 0.97500000 True 
1661331657165 153.40000000 0.10100000 False 
1661331667710 153.50000000 0.32600000 False 
1661331670746 153.50000000 6.00000000 False 
1661331757489 153.40000000 0.20600000 True 
1661331778986 153.60000000 0.35100000 False 
1661331778986 153.60000000 1.41700000 False 
1661331803460 153.60000000 6.00000000 False 
1661331803460 153.60000000 0.32600000 False 
1661331803460 153.60000000 3.15800000 False 
1661331803460 153.60000000 3.53700000 False 
1661331848951 153.40000000 30.08400000 True 
1661331870201 153.40000000 1.49500000 False 
1661331919815 153.30000000 2.47600000 False 
1661331919846 153.30000000 0.60000000 False 
1661331920436 153.30000000 0.60000000 False 
1661331921412 153.30000000 0.60000000 False 
1661331922426 153.30000000 0.60000000 False 
1661331923455 153.30000000 0.60000000 False 
1661331924423 153.30000000 0.15500000 False 
1661331924423 153.30000000 0.44500000 False 
1661331930907 153.20000000 6.50000000 True 
1661331930907 153.20000000 21.10500000 True 
1661331936156 153.30000000 1.49600000 False 
1661331949973 153.20000000 0.23200000 True 
